102612005
102897001
105411000
110302009
111487009
111516008
11193009
130989002
13746004
1376001
1402001
141000119100
14760008
160685001
160689007
162059005
162213003
162221009
162290004
162351000
16331000
18232000
18963009
193462001
203082005
20602000
214264003
22253000
224398005
224960004
224994002
225457007
225522006
225624000
228365005
231532002
238131007
24184005
24199005
247592009
247627003
247640008
247653006
247761005
247779009
247796005
247832004
247953009
248061004
248096004
248223005
248255005
248262001
248626009
24936000
249497008
25064002
25786006
26079004
263897001
26413003
26677001
267026004
267036007
267073005
271594007
271782001
274951009
277521002
278040002
285303006
285851007
286641001
286933003
29857009
300306001
300895004
304534000
307074005
307077003
309257005
315642008
32914008
32939004
3424008
34951003
35209006
366979004
367391008
370143000
37125009
372947007
373932008
37796009
386705008
386790008
386806002
386807006
386816005
394656005
397803000
398032003
398057008
399153001
404640003
405273008
40915004
415690000
419145002
419581008
422587007
424196004
424573006
427368007
42984000
43364001
44077006
45991007
48167000
48694002
50849002
51197009
52613005
53888004
55533009
55929007
57676002
58436003
58703003
59050008
60032008
60119000
60238002
60862001
6140007
62315008
62476001
62607004
64269007
64379006
66590003
67233009
68962001
7011001
713822005
715039008
72405004
73595000
75408008
77692006
79015004
79499004
79823003
79890006
80313002
80583007
81680005
82313006
82991003
83421005
8357008
84229001
87715008
89362005
8943002
90207007
932006
