10138007
102470001
102491009
102542000
102549009
102556003
102558002
102564009
102572006
102581000
102588006
102594003
102598000
102599008
102607009
102612005
102616008
102618009
102619001
102621006
102627005
102628000
102866000
102893002
102897001
102909009
102911000
102912007
102940002
103276001
103284002
103326000
103606006
103681003
10399008
105485001
105594005
105611005
105969002
10601006
10629009
10743008
107671003
108367008
108369006
10867005
109888004
109992005
110030002
11092001
11114002
111202002
111245009
111378004
111475002
111516008
11157007
111583006
111590001
111843007
11193009
111975006
111980002
112104007
112222000
112650006
11314008
11381005
1141007
11791001
11833005
11849007
11851006
118600007
118618005
118927008
118940003
119250001
119292006
119416008
119419001
12063002
12326000
123527003
123571000119104
123704008
123799005
12479006
125605004
125610000
12584003
126660000
126713003
12676007
126765001
126880001
126908007
126926005
126951006
126952004
127013003
127024001
127034005
127086001
127355002
127566005
128053003
128060009
128069005
128070006
128127008
128187005
128192007
128241005
128295000
128351009
128473001
128496001
128601007
128606002
128613002
12873001
128862000
129103003
129127001
129128006
129565002
129899009
13045009
131008004
131148009
131171006
131182003
13164000
13200003
13331008
134199001
13445001
13644009
13645005
13746004
13791008
1386000
1388004
13924000
139394000
1402001
1415005
14151009
14302001
14411002
14560005
14662005
14669001
14756005
14760008
14783006
14912003
15037002
15167005
15241006
15244003
15250008
15405008
154826009
15510009
155597006
15574005
15628003
15771004
15803009
15805002
15902003
15938005
15993004
16046003
16114001
16146001
161844003
161874006
161882006
161891005
162011005
162031009
162053006
162059005
162164007
162227008
162278001
162290004
162294008
162352007
162356005
162367006
162375000
162400007
16269008
16331000
16386004
164931005
164947007
164949005
165232002
165397008
165468009
165475005
165509000
165517008
16553002
165569003
165583001
165850001
166602006
166603001
166612004
166686006
166689004
166690008
166702002
166717003
166818002
166830008
16685009
16740003
16761005
167923006
16844001
169741004
16985007
17029006
17182001
17226007
17289003
17329003
17366009
17369002
17450006
17585008
176271000119108
17709002
1776003
17788007
17790008
17971005
18050000
1806006
18070006
18104000
18165001
18193002
18265008
1845001
1860003
18618006
18628002
186524006
189607006
18963009
190633005
190817009
190855004
190905008
191124002
191306005
191480000
191526005
191567000
191627008
191667009
191736004
191983006
192073007
19213003
19242006
192928003
193198003
193255007
193387007
193462001
193683001
193894004
19416009
194399009
19466003
19471005
195021004
195080001
195374003
195902009
195967001
196075003
19636003
19660004
197269008
197284004
197321007
197446008
197456007
197480006
19750001
198115002
198130006
19824006
19829001
198435007
19943007
20016009
20018005
200775004
200936003
201067006
201222006
20165001
202482009
20262006
202882003
20301004
2032001
203556007
20376005
20425006
205788004
20602000
20639004
20696009
2073000
20741006
20897003
2092003
20928004
21117005
21134002
2129002
213299007
213325008
21420006
214264003
21454007
21522001
21639008
21763005
21801002
21897009
221360009
22253000
2228002
22298006
22325002
224186005
22490002
225450009
225457007
225566008
225624000
225723003
22631008
22640007
22743000
22774003
228158008
228438002
229733002
229738006
22994000
23006000
230145002
230381009
230418006
230456007
230473009
23056005
230572002
230599000
230690007
230745008
231494001
231504006
23154005
231854006
232349006
233604007
233703007
233795005
233815004
233873004
23388006
233916004
233917008
233958001
23414001
234349007
234422006
234947003
235231000119100
235595009
235856003
236423003
236424009
236514003
236620008
236648008
236721000
23685000
237091009
237130006
237355007
237495005
237598005
237630007
237638000
237662005
237751000
237785004
238108007
23853001
238539001
238575004
238751002
238927000
239107007
23919004
23924001
23986001
240196003
240358005
240706001
24184005
24199005
242056005
2424003
242784006
243321006
243978007
24526004
246453008
246545002
246622003
246650003
24693007
246933002
246936005
246982002
247053007
2472002
247323005
247342009
247348008
247355005
247444006
247471006
247479008
247588002
247706003
247796005
247830007
247832004
247917007
247953009
247977003
248062006
248096004
248122005
248250000
248274002
248282002
248342006
248456009
248457000
248490000
248495005
248499004
248549001
248583008
248657009
24867002
248714006
248726001
248966006
249301002
249366005
249480002
249489001
249607009
24982008
250018006
250036006
250284007
250423000
25064002
25106000
25107009
251175005
251526004
25322007
25374005
2538008
25423001
254637007
254837009
254838004
254877001
254878006
254900004
25501002
255184001
255321001
25694009
257552002
25906001
26036001
26037005
26079004
260912008
262286000
26284000
262966007
263126002
26322001
26416006
26424001
264536006
264569006
26544005
266249003
266257000
266261006
26628009
26636000
266434009
266474003
267023007
267026004
267029006
267039000
267045008
267053000
267060006
267079009
267101005
267102003
26715006
267426009
267728009
267802000
267854005
26929004
269485000
269859006
27006004
270476009
270491006
270492004
271547004
271584002
271585001
271587009
271607001
271681002
271696003
271713000
271719001
271737000
271743003
271756005
271757001
271759003
271760008
271761007
271771009
271782001
271794005
271801002
271807003
271811009
271823003
271825005
271939006
271951008
272030005
272039006
27355003
274100004
274137005
274165007
274179004
274279008
27431007
274521009
274644002
274663001
274666009
274667000
274668005
274718005
274769005
274770006
27477003
274782002
27503000
275295002
275299008
275393007
275437005
275498002
27550009
275765006
275943004
276074009
27625002
276301007
276444007
276507005
276655000
276796006
27731006
277797007
277843001
278040002
27836007
278528006
278679009
27885002
279039007
279043006
279069000
279079003
279084009
27925004
279333002
27942005
279622009
280816001
28102002
281104002
28111002
281245003
281257007
281794004
281801000009108
282020008
282664001
28277004
28366008
284078000
28432003
285145004
285242009
285302001
28536002
285503005
28651003
286933003
287085006
287731003
288939007
289195008
289530006
289552002
289896006
289900009
289908002
28998008
2901004
2904007
29384001
29542008
29555009
297142003
29717002
29738008
29753000
298382003
29857009
29889000
299709002
299738004
30017007
300268000
300359004
300471006
3006004
300885006
300895004
300910009
300980002
30098003
301250005
301340007
301770000
301811001
302017001
30213001
302215000
302231008
302289002
30233002
30281009
302870006
302873008
302896008
3030002
303011007
303078007
30390004
304132006
30473006
30588004
307074005
30731004
30746006
307496006
30800001
30811009
30819006
308492005
308698004
30871003
309080005
309158009
30924005
309245001
30989003
31053003
31070006
310789003
3110003
312099009
312155003
312230002
312399001
312956001
312999006
313341008
3135009
31384009
314631008
314944001
31541009
315642008
31681005
31722008
31822004
31908003
31992008
31996006
3218000
3238004
32398004
32402008
3253007
32798002
32838008
32861005
32914008
33339001
33449004
33485004
33653009
33659008
33737001
339008
33958003
33994004
34000006
34014006
34020007
34095006
34178000
343087000
34363003
34486009
34615008
34840004
35001004
352818000
35301006
35486000
35489007
35885006
36118008
36171008
36179005
36209000
362968007
362969004
362970003
362973001
362989003
363101005
36321004
363346000
363418001
363443007
363681007
36440009
364538006
365722008
36689008
366979004
36715001
367466007
367542003
36760000
367643001
36815008
36923009
36955009
36971009
36994005
370143000
37031009
370569000
370992007
371039008
371089000
371104006
371163003
37125009
371409005
371569005
371596008
3716002
371628009
371631005
371632003
371973000
372064008
372070002
372096000
372283008
3723001
37231002
373176000
373909009
373932008
373945007
37471005
37610005
37796009
37871000
38228000
38292009
38341003
38394007
384709000
385093006
385494008
385627004
386033004
386674000
386689009
386692008
386705008
386713009
386789004
386790008
386806002
386807006
386810004
386813002
387742006
387778001
38822007
389026000
38907003
38962007
39104002
392291006
39400004
39423001
394924000
3951002
39539005
39579001
396228006
396230008
396275006
396285007
397513003
397540003
397696004
397709008
397803000
397825006
397829000
398026008
398057008
398152000
398212009
39848009
398665005
398909004
39898005
398991009
399068003
399090003
399144008
399269003
399317006
399617002
399939002
399979006
399980009
399993004
400005007
400047006
400075008
400130008
400200009
401211005
401236004
40178009
402644006
40275004
402815007
403198004
403675008
403906006
404220000
404640003
40492006
40541001
405543000
405729008
405737000
40593004
405947006
406461004
40733004
407645004
40806005
40845000
408647009
409089005
40930008
409498004
40956001
409622000
409623005
409674002
409675001
409702008
410430005
410502007
410711009
41256004
41266007
413269001
41329004
413444003
41345002
413603009
41370002
413921009
414024009
414086009
414403008
41446000
414478003
414545008
414603003
414662006
4147007
414786004
414819007
414850009
414915002
414941008
415116008
41565005
415749005
41581000
416093006
416167002
416189003
416209007
41652007
416596008
416893007
416920000
41699000
416995001
417152008
417746004
41784005
417941003
418035005
418072004
418107008
418632009
418634005
418842009
419145002
419188005
419284004
419567006
419760006
420103007
420422005
420510009
42059000
421262002
422290000
422338006
422587007
422588002
422775003
42288005
423341008
42335002
42343007
42345000
423590009
42365007
42399005
424131007
424263008
424372002
424736006
425104003
42513006
425464007
425736001
425748003
426525004
42685002
42689008
426965005
427020007
427044009
427368007
427380004
427399008
427419006
427461000
427492003
427898007
428255004
42942008
42982001
42984000
4308002
43105007
432241000124101
432504007
43275000
43355006
43363007
43364001
43378000
43478001
43498006
43724002
43752006
43763009
4386001
43878008
4399003
43994002
439955006
44001008
440027000
44018007
44054006
44077006
44103008
44132006
441668002
44169009
441798003
442076002
442177008
44301001
443265004
443416007
443826006
443961001
443980004
444000005
444827008
445009001
445088006
44515000
44548000
446096008
44635007
44653001
44695005
44730006
44808001
449191001
449491000124101
450005
45004005
45007003
45030009
45147008
45150006
45154002
45177002
4519003
45198002
4529005
45326000
45338009
45352006
45534005
45536007
4556007
45564002
4559000
45647009
4568003
45816000
45913009
4598005
46049004
46090001
46152009
46177005
46206005
46263000
46621007
46627006
46670006
46742003
46775006
46784006
47125007
47252008
473011001
473456000
47398006
4740000
47437004
47505003
4754008
47563007
4776004
47933007
48055004
48079002
48146000
48165008
48167000
48277006
4834000
48340000
48409008
48440001
48661000
48694002
48813009
48867003
49049000
49099001
49218002
49293007
49347007
49386006
49436004
49483002
49563000
49578007
49601007
49650001
4969004
49710005
49765009
49883006
4996001
50043002
50084004
50091001
50112006
50177009
50219008
50279003
50417007
50582007
50715003
50792001
50820005
50920009
50927007
51387008
51476001
5149003
5152006
5158005
51599000
51615001
51868009
51875005
51921000
51979000
52072009
52073004
52089001
52254009
52441000
52448006
52457000
52613005
52673003
52674009
52754008
52845002
5291005
53057004
53165003
53277000
53298000
53312001
5332004
53430007
53489000
53597009
5370000
53772007
53787002
53888004
53890003
54016002
54150009
54200006
54552008
54556006
54586004
55004003
55033002
55056006
5507002
55075001
55146009
55222007
55300003
55350005
55406008
55442000
55464009
5552004
55533009
55584005
55630000
55641003
55822004
55855009
55921005
55929007
56018004
56038003
56051008
56169002
56170001
56218007
56246009
56265001
56267009
563001
56391002
56819008
56888007
56905009
57019003
57054005
57182000
57190000
57406009
57433008
5758002
57653000
57676002
57809008
58008004
58275005
58436003
58437007
58694006
58750007
58848006
5888003
58901008
59026006
59037007
59050008
59118001
5913000
5919001
59282003
59299002
59455009
59571007
59576002
596004
59621000
5964004
5972002
59770006
59843005
59927004
59931005
60032008
60046008
60119000
60168000
60238002
60309003
60342002
60380001
60389000
60600009
60700002
60728008
6077001
60814007
60845006
609558009
61086009
61170000
61261009
61274003
61336008
61372001
6140007
6142004
61578001
61582004
61599003
61627001
61860000
6208003
62476001
62607004
62718007
6273006
62731002
62744007
6285003
62914000
62994001
63251006
63339007
63480004
63725005
6374002
63901009
63951004
64109004
64144002
64156001
64206003
64226004
64269007
64305001
64379006
64479007
64557000
6456007
64613007
64662007
64667001
64766004
64859006
64910008
64936001
65074000
65172003
65194006
65198009
6525002
65312002
65363002
65508009
6561007
65617004
65636009
6574001
65759007
6595006
65958008
66123000
6624005
6631009
66383009
66609003
66760008
66789005
6686005
66978005
67023009
67233009
67362008
67406007
67425005
67599009
67698009
67782005
67801009
67882000
67967009
6797001
67988000
68172002
68225006
68226007
68235000
68267002
68496003
68566005
68600005
68962001
68978004
690701000119101
69192004
69215007
69244009
69322001
69328002
6950007
69640009
697990000
698247007
69896004
699376002
699392007
700272008
700467001
7006003
70076002
7011001
70153002
702617007
70323002
703470001
70407001
706873003
706882009
707440005
70759006
70784009
708673009
709018004
70995007
7119001
71219004
712823008
712893003
71315007
713514005
713566001
713609000
716659002
71772004
71785001
71792006
7180009
718217000
718402002
71884009
71908006
71938000
72007001
72042002
720822008
721130001
722192005
722688002
7231009
72405004
72471000119101
724877007
725119006
726029005
72605008
72654001
72756009
72836002
72934000
73173006
73211009
73430006
73442001
73583000
73589001
73595000
736500007
73692007
737270004
73867007
74400008
74450001
74460005
74474003
7461003
74627003
74732009
74776002
75088002
75183008
75258004
75315001
75408008
75483001
75543006
75544000
75694006
75705005
7571003
75789001
75803007
75864003
76023003
76039005
76069003
76114004
76197007
7627009
76349003
765060000
76581006
76676007
766955008
76742009
76844004
768552007
76886005
768962006
771115008
771542000
77157004
7724006
77643000
77692006
77971008
77981007
78004001
78048006
78129009
78144005
781682005
782201009
78275009
78370002
78441005
7847004
78623009
78768009
78809005
79282002
79348005
79351003
79499004
79604008
79644001
79688008
7973008
79740000
79823003
79879001
79883001
79890006
79899007
79915001
79922009
79962008
8009008
8011004
80142000
80182007
80212005
80313002
8034008
80449002
80495009
80515008
80659006
80954004
80967001
8098009
81010002
81060008
81318004
8148005
81548002
81573002
81680005
8186001
81934005
81950002
81953000
82119001
8217007
82212003
82272006
82275008
82297005
82313006
82403002
82423001
82470000
8247009
82545002
82636008
82639001
83062006
83074005
83128009
83132003
83156004
83225003
83412009
83414005
83547004
8357008
83943005
84004001
84017003
84114007
84178004
84292000
84326006
84445001
84480002
84584008
84619001
84679006
84828003
85057007
85269007
85418005
85659009
85716005
85758008
85769006
85904008
85972008
86142006
8619003
86276007
86318000
86406008
86513005
86514004
8652009
86651002
86684002
86708008
86854008
87128005
87248009
87309006
87317003
87364003
87433001
87486003
87522002
8765009
8769003
87696004
87749000
87866006
88052002
88092000
88111009
88151007
88157006
88232005
88278002
88594005
88729006
88854002
8900005
89010004
89077005
89091004
89138009
89458003
89627008
89675003
9012003
90128006
9014002
90176007
90446007
90460009
90507008
90560007
9062008
90673000
90708001
90834002
91019004
91175000
91302008
91514001
91637004
91855006
9209005
928000
92814006
93143009
93163002
932006
93478000
9360008
93655004
94222008
94225005
95281009
95315005
95319004
95320005
95347000
95365001
95366000
95367009
95371007
95377006
95378001
95381006
95388000
95391000
95392007
95395009
95402002
95422003
95524000
95525004
95540002
95545007
95556007
95566004
95570007
95578000
95631006
95662005
95663000
95666008
95723009
95847005
95880003
95891005
95900002
95907004
9631008
9713002
9748009
9826008
991002
