102480002
102551008
102556003
10601006
129565002
131148009
13791008
161873000
161891005
162059005
162076009
162352007
16386004
165247006
166643006
166717003
166830008
166892002
16973004
18963009
193462001
202882003
203095000
21242011000036102
213257006
21522001
21545007
21779011000036103
21885011000036105
22253000
22298006
224960004
225609009
228158008
230145002
230690007
235856003
238810007
23924001
24184005
24199005
246636008
247323005
247373008
247592009
247640008
248096004
248255005
248274002
248277009
249913002
249966004
250069006
250082003
250084002
25064002
26079004
262286000
26329005
26544005
267032009
267044007
267052005
267949000
267953003
271587009
271681002
271782001
271807003
271832001
2733002
277521002
278040002
278528006
279038004
279039007
282145008
285365001
286641001
288226003
288228002
288230000
288231001
288939007
29542008
29857009
298753001
300954003
301345002
301676004
302226006
3080011000036109
309086004
309521004
309537005
309538000
309539008
309774006
30989003
32914008
3384011000036100
3424008
34436003
34840004
35489007
36031001
367391008
3723001
37796009
38341003
3848011000036104
386033004
386692008
386705008
386806002
386807006
387603000
3877011000036101
399153001
404640003
405729008
40917007
418290006
418363000
419723007
422400008
422587007
425423002
426206001
426899007
429783005
431416001
44054006
44077006
449917004
449918009
45326000
45352006
47933007
49049000
49218002
51197009
53057004
54981004
55300003
55533009
55929007
56265001
57676002
60032008
60119000
60238002
60862001
62315008
62507009
63102001
67849003
68962001
698065002
69896004
70733008
74323005
76948002
77424011000036100
77435011000036104
77692006
78514002
79890006
80313002
80449002
81680005
82991003
8357008
84229001
8510008
86651002
88092000
8943002
90673000
95891005
9991008
