3238004
42345000
25423001
1776003
267854005
7847004
271761007
200775004
271951008
53597009
281257007
55350005
74776002
398152000
26929004
247953009
213299007
56169002
196075003
238575004
61274003
399939002
81953000
427419006
27355003
81934005
20928004
64613007
264569006
83547004
45913009
9631008
11157007
718217000
41345002
48440001
86513005
123571000119104
47933007
193387007
234947003
46263000
75864003
31996006
52457000
31822004
35301006
44730006
95545007
276301007
129127001
27731006
80495009
4559000
271760008
45004005
371163003
248499004
24526004
3110003
49436004
48340000
230572002
36321004
236423003
15241006
53772007
44132006
281801000009108
162011005
32861005
129899009
22298006
400130008
416596008
234422006
127566005
415116008
76114004
58436003
56905009
398991009
271681002
236620008
302017001
102893002
713514005
79348005
419760006
235595009
275943004
23006000
230418006
247588002
272039006
8357008
304132006
112650006
55533009
67023009
127013003
190855004
165517008
26628009
31541009
59118001
16386004
8034008
102588006
102549009
230745008
279079003
84326006
60238002
90673000
271585001
49601007
95666008
70076002
267101005
418035005
301340007
312956001
442076002
419188005
302873008
275393007
102616008
60342002
40956001
43364001
17029006
57809008
38228000
33653009
249607009
243321006
28102002
399617002
90446007
59931005
424736006
72405004
371628009
280816001
49218002
36971009
66383009
42059000
34000006
55584005
79688008
309158009
88157006
49578007
19636003
43275000
67599009
423341008
422588002
32402008
62718007
102491009
386033004
312999006
88594005
27503000
56819008
27550009
195021004
162400007
128351009
102612005
23154005
29384001
67801009
414024009
111245009
49347007
60389000
297142003
238751002
422290000
56170001
37231002
34486009
44635007
64379006
128070006
233795005
102594003
315642008
247323005
250018006
371569005
28651003
61578001
64226004
42343007
50792001
30588004
299709002
28277004
73173006
343087000
35885006
4754008
66123000
278528006
23056005
394924000
266261006
64910008
16146001
271713000
87866006
58437007
237638000
26079004
276074009
367466007
89091004
230456007
71908006
40593004
191480000
5291005
7973008
79823003
72007001
162059005
128187005
26284000
30233002
42689008
95570007
6797001
128053003
43763009
23388006
84480002
248657009
89627008
410711009
55075001
363101005
14669001
271584002
16685009
165468009
78129009
162278001
64667001
31722008
102599008
193198003
105969002
270492004
231854006
247342009
60032008
34363003
50177009
271794005
410502007
20696009
420103007
67967009
301770000
57433008
166690008
129128006
370569000
262286000
9012003
427461000
932006
55222007
86684002
166689004
46742003
414915002
82423001
6208003
386790008
17790008
373945007
6273006
19829001
414819007
41256004
69192004
416209007
271696003
251526004
6374002
102897001
75694006
405729008
444827008
419145002
233703007
165475005
372283008
386713009
119416008
57190000
86854008
1845001
45198002
62994001
699376002
128601007
30281009
5972002
18265008
9748009
15628003
237785004
41370002
267039000
26544005
59282003
42984000
7006003
102618009
422338006
271587009
41266007
30731004
202882003
237091009
54586004
63339007
246545002
109992005
32914008
77157004
225450009
52441000
13644009
60380001
95907004
16046003
30098003
85972008
27431007
928000
128473001
61086009
95566004
49883006
414478003
699392007
277797007
271607001
11193009
3218000
285302001
53057004
27836007
85057007
238539001
392291006
370992007
83412009
34095006
248549001
398212009
80182007
57019003
302870006
352818000
44653001
228158008
53312001
2538008
407645004
5964004
12584003
229738006
16985007
274279008
275498002
59026006
709018004
205788004
86276007
50279003
73211009
425464007
65074000
112104007
700272008
9713002
27885002
71785001
60119000
248495005
425104003
95880003
441668002
247355005
4969004
25374005
15771004
413921009
30473006
427898007
76069003
10601006
246650003
