250069006
60032008
40917007
250084002
51197009
26329005
16973004
70733008
267044007
249966004
60119000
278528006
228158008
74323005
309521004
26544005
271681002
78514002
47933007
16386004
67849003
102551008
405729008
55533009
279038004
53057004
26079004
249913002
271587009
161873000
76948002
247373008
248277009
8510008
262286000
285365001
202882003
21545007
301345002
309539008
309538000
60238002
277521002
386033004
32914008
54981004
90673000
8357008
286641001
225609009
36031001
22298006
10601006
203095000
247323005
2733002
426206001
224960004
250082003
49218002
162059005
309086004
